01649328000104
01739509000113
01844484000118
01888691000174
02357590000130
02478871000140
02520004000126
02630075000181
02809120000160
02824397000161
02840950000150
02870364000158
02877271000155
02991906000140
03171526000122
03303089000153
03329719000169
03331407000190
03359694000146
03515721000122
03637248000156
03685262000125
04024977000108
04092263000129
04201236000147
04204402000169
04238728000107
04373286000101
04479082000150
04548288000194
04549049000159
04658862000167
04851506000165
04986473000160
05041434000153
05240959000207
05272517000153
05305128000187
05397428000133
05401224000129
05617013000128
05672457000166
05812949000100
05850126000179
05878730000103
05882388000115
05919924000100
05957973000137
05975477000106
06049303000185
06082644000152
06155904000172
06195509000113
06245067000172
06853716000118
06912230000103
06943052000188
06990112000113
07055290000110
07064111000100
07084527000190
07092340000139
07105849000179
07108642000158
07111567000184
07175129000180
07233047000144
07280058000185
07333601000165
07431769000103
07454178000151
07458371000160
07472072000180
07483706000109
07587928000163
07598938000102
07651968000127
07666047000138
07934973000147
07937156000142
08060976000161
08195629000146
08222014000161
08245741000144
08293182000148
08347439000105
08354533000183
08376380000175
08382924000101
08398427000100
08438612000172
08455454000169
08517837000114
08605012000151
08710340000118
08736521000113
08782918000141
08842667000143
08900831000121
08940134000102
08946505000155
08954704000105
08963240000101
08983791000129
09018780000171
09071532000194
09073505000150
09074050000198
09099350000121
09150448000166
09185744000100
09192598000132
09213371000126
09220865000138
09233481000150
09258561000160
09281560000136
09407067000110
09457413000174
09514629000124
09521911000139
09547109000118
09563418000181
09584280000105
09592253000176
09615296000120
09627819000158
09649135000157
09911954000120
10156895000101
10244066000180
10255468000180
10276457000187
10295221000198
10327737000177
10328761000120
10354326000170
10359054000100
10473415000136
10492332000194
10504343000147
10588991000129
10618470000177
10621182000171
10621843000169
10623043000187
10642447000118
10647239000101
10653447000113
10676558000145
10704795000172
10781610000123
10787920000155
10825357000162
10829887000189
10850334000108
10856371000123
10882795000162
10894217000146
10894310000150
10956974000105
11013551000106
11062814000177
11132336000124
11142375000102
11150932000137
11162563000100
11222592000102
11292279000140
11292443000110
11295032000188
11307426000109
11345361000196
11405532000125
11470371000153
11495304000193
11512723000196
11555664000133
11580497000180
11603427000109
11627081000170
11651386000118
11685681000195
11718189000179
11765209000162
11770707000101
11799810000176
11915601000140
11955609000130
12060647000198
12146623000156
12149610000130
12224262000119
12254284000121
12290473000150
12402266000140
12453457000130
12468726000132
12477397000196
12477425000175
12613672000151
12688017000162
12709758000182
12791647000168
12803040000150
12824072000132
12852917000101
12874788000144
12942244000172
12991409000104
13004931000100
13057995000179
13098202000160
13162592000190
13213668000169
13224674000111
13239721000109
13245418000100
13303296000161
13357742000110
13423588000138
13428185000181
13470065000142
13502938000151
13523466000113
13549785000106
13577750000172
13610442000100
13714631000114
13720739000110
13753364000194
13917355000191
13932902000108
13959525000109
13964830000180
13994565000183
14019066000138
14051444000160
14063015000103
14072966000149
14102656000120
14149719000101
14150864000102
14151630000171
14228157000183
14333146000163
14392532000126
14434804000103
14442340000187
14469279000161
14513229000134
14525002000109
14598672000155
14601335000170
14603686000110
14615317000147
14716670000113
14718245000163
14739476000153
14757596000183
14788174000175
14803782000101
14857878000152
14870167000118
14905323000139
14928028000106
15010315000197
15037410000184
15100321000135
15184618000126
15295004000111
15403878000145
15411336000114
15424992000151
15467874000120
15565613000143
15697031000110
15711513000188
15767604000135
15778072000131
15823678000141
15825880000102
15837331000158
15914415000148
16097767000110
16584311000185
16646664000162
16658275000157
16732595000100
16784661000195
16822513000118
16893355000197
16915236000198
16986710000172
17047880000154
17055652000126
17093355000175
17120484000105
17124310000110
17168175000105
17231336000168
17231880000100
17317518000156
17326969000150
17355395000148
17421735000191
17431099000189
17457143000120
17461501000178
17483576000150
17513676000181
17524672000107
17534831000146
17542857000136
17554135000100
17559179000114
17570443000110
17611979000137
17641881000122
17723276000281
17758362000149
17785232000103
17942828000161
18062491000160
18073113000182
18092198000146
18100705000146
18132611000159
18146927000108
18147709000180
18164572000171
18244296000151
18246985000103
18291582000178
18296221000114
18335962000167
18346089000108
18367293000105
18396948000173
18441471000109
18576787000108
18580601000186
18610015000137
18671543000104
18727310000178
18741860000141
18760461000128
18806163000121
18813463000138
18814316000182
18950932000160
18973813000123
19001089000139
19038895000181
19071636000152
19073838000133
19094696000190
19141067000174
19214191000112
19243001000195
19437477000167
19629842000135
19641613000136
19675450000102
19691855000134
19711247000144
19730334000149
19794035000330
19814104000168
19819939000100
19907202000140
19909496000149
19953176000196
19958538000131
19968564000140
19972072000129
19978124000174
19983696000141
20006504000126
20014696000112
20068082000113
20118087000103
20136202000253
20146245000139
20158793000189
20198527000180
20232734000103
20236649000113
20313770000100
20399730000114
20436982000176
20444781000110
20460236000118
20463868000135
20494190000158
20512704000150
20515321000136
20563700000100
20590487000117
20656089000156
20708968000184
20736783000183
20912690000162
20916614000125
20995003000110
21115326000134
21216855000124
21249112000150
21275079000133
21288009000110
21292924000189
21322225000134
21511622000154
21519116000101
21621251000163
21633845000194
21679438000118
21694959000144
21725970000124
21744703000102
21756637000182
21867439000196
21881269000102
21889403000103
21917649000141
22018432000162
22022514000180
22052313000126
22082877000101
22091703000105
22154562000122
22166260000174
22169216000118
22170404000166
22192320000123
22272117000167
22312329000120
22391216000168
22426996000134
22471518000146
22565307000172
22567346000109
22576200000120
22577468000186
22673190000140
22763274000175
22769735000117
22845266000178
22848411000174
22882670000111
22921372000193
22945122000193
22961161000184
22979083000145
23065904000109
23069620000182
23090940000114
23140084000164
23143477000121
23193706000112
23228479000113
23269316000189
23295494000184
23310403000132
23422268000117
23425991000150
23475013000112
23502200000148
23535805000135
23538783000167
23617235000122
23642187000122
23714866000160
23715465000124
23739356000147
23743975000105
23759229000100
23770151000124
23814299000113
23858148000167
23897706000101
23972863000126
24015767000152
24060393000197
24079372000113
24101952000160
24108365000100
24116875000111
24147690000174
24178005000177
24353390000141
24353766000118
24382587000109
24415195000107
24525847000158
24572203000110
24593389000194
24636122000137
24691211000186
24742318000106
24742789000114
24754980000186
24773746000104
24820734000185
24906584000127
24950236000157
25143275000105
25166701000126
25176738000135
25247020000192
25290782000171
25334357000137
25409048000189
25531063000103
25532156000144
25708892000100
26019989000179
26022084000158
26041718000110
26065911000190
26085903000106
26094501000178
26141647000127
26186415000195
26206210000124
26206825000150
26254412000141
26258613000117
26270500000137
26293538000125
26293616000191
26314456000110
26328805000152
26411956000170
26484811000107
26520306000162
26534647000197
26581794000118
26642382000140
26698591000106
26737566000194
26818414000116
26840288000104
26852144000160
26935513000188
26937816000130
26991040000136
27026425000126
27102125000189
27104485000110
27119670000188
27127991000124
27157524000147
27197986000198
27201758000144
27244495000150
27404593000108
27414707000109
27422318000117
27458211000129
27505003000133
27541782000122
27614318000119
27621519000143
27623358000127
27641664000196
27647001000189
27679470000180
27743972000122
27789480000178
27889538000155
27984745000199
28036695000180
28051516000184
28120075000125
28144935000160
28199183000135
28229129000195
28231258000118
28268508000194
28291122000101
28298534000165
28345565000120
28348281000197
28348304000163
28369134000101
28431772000105
28432223000147
28432620000119
28445866000125
28456304000187
28622725000130
28681862000146
28699576000108
28705773000192
28741944000139
28742319000101
28761610000127
28858270000157
28894607000181
28919969000180
28928344000184
28988345000114
29083049000137
29106395000193
29117045000122
29180822000183
29216480000104
29220744000101
29251005000179
29261292000106
29275939000140
29287189000127
29292917000199
29298364000181
29341006000104
29495008000158
29515926000100
29567008000116
29665036000176
29766087000194
29773720000171
29840669000173
29859437000167
29944070000180
29973950000184
30018665000193
30064712000135
30104788000147
30271361000133
30325696000197
30482831000108
39776620000152
42382002000132
42941690000123
46991113000105
49804065000189
55465959000194
56818552000166
57213175000102
59595462000141
60461621000102
60854429000178
61090270000125
62534730000120
64690837000192
65922635000191
66537341000109
66938341000110
67304329000117
68291897000193
68715226000102
69002673000187
71684526000186
72266844000190
73347221000104
74636226000110
76440528000143
77167625000177
78436037000154
78695624000168
78779238000154
80024938000180
80449408000184
80772676000132
82069550000121
82090564000127
82231408000139
91398776000167
91715920000141
94434263000152
95143962000106
95395026000192
96618780000107
01743361000190
05054964000136
07975877000147
07982484000160
09575409000100
09645467000163
19239746000180
79066783000166
13520091000138
14905097000196
64489750000151
24207985000199
17589800000192
00870367000166
13311761000106
18317058000129
24949449000169
19198834000181
23688430000143
21925459000176
22817632000185
25179806000110
22426178000131
14365218000154
12156373000135
68870898000192
01479019000125
21986809000104
04142581000157
29169291000128
21715053000169
13632854000132
16101707000124
18079062000104
26310083000109
16573720000186
26889666000136
22776369000123
16926811000158
14410424000139
28092883000126
29909506000108
28729718000132
16908658000136
19533842000137
29287106000108
12383913000113
28271113000140